  0.1546025015193900 -0.0987561640960160 -1.1843704912618038  0.2521819944674475  0.5587063079197599
  0.1540289328762600 -0.0932474525425240  0.9635026027520550  0.5076890556787989  0.8985961737399401
  0.1787012846452800 -0.1663930069419300  0.5077335405192913  0.3792544914576978  2.0928208429258000
  0.1981835644424300 -0.1237683153874700  0.6733061053334957  0.4045665279390439  2.1777359192854000
  0.0657782062787370 -0.2226315990332700  1.2107809263474256  0.0885677559626481  2.6118550738074000
  0.2670760307232000 -0.1375683440498300  0.5555209104735116  0.2726241751006128  2.8782569311953998
  0.2884451454991200 -0.1167185987984100  0.6849846053606268  0.2721715556856812  2.9126089785958000
  0.1409282282869500 -0.1756138337851700  0.4884386267922561  0.4714155831914124  2.9645968907578002
  0.1329340505761900 -0.1744322087718300  0.5110495554986489  0.4918964149958561  2.9699394338188001
  0.0975785855202080 -0.1671203348904700  0.3647127125086568  0.6688386714575696  3.0151349083171999
  0.0509055425574020 -0.1797564860437600  1.4964088258538621  0.0691710139613666  3.0196213684637998
  0.2060333149311500 -0.0829919434776730  1.0887512295997925  0.3613996557118527  3.0289696390972001
  0.1350140595141000 -0.1276304331035800  0.6252486721280753  0.5729300008738792  3.0409045281629998
  0.0404651742344040 -0.2017843366408100  1.4679175793876036  0.0271016704545792  3.0936796195179999
  0.0939022402139140 -0.2527256584315500  0.9385417809810510  0.1156999126258885  3.2023417178406000
  0.0622337401097220 -0.2295167986418300  1.2018147859023443  0.1081582179783855  3.2050769745014001
  0.0893901348729010 -0.2778040293412700  0.8927016901476158  0.0993236875107956  3.2303844831488000
  0.0411423729795280 -0.2575782490171800  1.2112170764596226  0.0685088716643259  3.2365289216040001
  0.0400195530577960 -0.2681306881451800  1.1763541138762799  0.0484115742897329  3.4053640892915999
  0.0330924173368750 -0.1743693476987800  1.6588921220896868  0.0938588366953619  3.4127592958152002
  0.0267730246759550 -0.2774807035214300  1.1822995384678801 -0.0595596847338581  3.4278863899518002
  0.1460864919303900 -0.1487802195973000  0.5731550150844354  0.4940119340095024  3.5251263989045998
  0.3363699931588500 -0.1292886251926200  0.5405727400188505  0.2252245199411844  3.5964446737806002
  0.3576768272434200 -0.1120087387736100  0.6811750612334637  0.2174975099678111  3.6154349833672002
  0.2722044831613500 -0.0427391641890420  1.7134731587092551  0.3049030262137145  3.7664412788708002
  0.2767528037379800 -0.0237742611714900  2.4561694662392397  0.3056403175052071  3.7669822985477999
  0.2250710888242400 -0.1416810962533100  0.4878907220926081  0.3672475039454656  3.7925318527352001
  0.2222878085661400 -0.1346365747285100  0.5290227639936856  0.3820854433260831  3.7930952145754002
  0.1365420495720100 -0.1331419239057600  0.4674304781989989  0.6003052223678712  3.7971591719856002
  0.1544799063678100 -0.1334153903519600  0.4773498312490259  0.5488608052944670  3.7998126910462000
  0.0343496024470430 -0.1540335698427300  1.7830543088902620 -0.0021921046071608  3.8476555189454000
  0.0305591835521730 -0.1479658716476000  1.8576097906672355 -0.0434187599320930  3.8901226039362000
  0.0732494833501200 -0.1738707104406900  1.3291585141444184  0.1538727615765115  3.9032447760087998
  0.0756079251501520 -0.1889355062771500  1.2574491849120917  0.1405689261371015  3.9106041473323998
  0.0518067531062850 -0.1919048793868900  1.4259030715208085  0.1078860870224995  3.9230602232559999
  0.0375915063962950 -0.2532611710709400  1.2494049558660267  0.0242704926994604  3.9382147161366001
  0.0319309349215740 -0.2290867033198700  1.3795351544687777 -0.0555111367885595  3.9396876907979999
  0.0007502432017326 -0.1813276580359800  1.7593865735816390  0.0016085196666410  3.9614949264702002
  0.3984857091364900 -0.1239425919662300  0.5358520517912497  0.1934464788963462  4.2859369395322000
  0.2837133980925700 -0.1278911690852500  0.6487669963596056  0.2286632442659125  4.2970998703678003
  0.4181631521923700 -0.1089235123682600  0.6759092081328122  0.1850272142670205  4.2978085181991998
  0.1407346165286400 -0.1896232566183700  0.4438771505585878  0.4554549514661659  4.2993502911394001
  0.2466931430196400 -0.1172796884782200  0.7143663704973433  0.3164844102904203  4.3057112626422001
  0.1951429184882400 -0.0827104405429360  1.0905642669894511  0.3887159487844687  4.3206669731543998
  0.1925287540625600 -0.0553564752087750  1.4618363450629597  0.4174475616927397  4.3255536024578003
  0.0907885764992200 -0.0716967661640980  1.0967464380311120  0.8142080242046299  4.3503155912022002
  0.0280973070927780 -0.1389658328019700  1.9475013753070629 -0.0527001499922554  4.6170979818153999
  0.0246383677430550 -0.1227620606703300  2.1153986601461696 -0.1081322390401765  4.6504460471266000
  0.0281160893075090 -0.2313233171628500  1.3885259860565846 -0.0050084222088352  4.7043758715752002
  0.4553430010441700 -0.1200794935933900  0.5354090227473155  0.1707478753786326  4.9582246810835997
  0.4731926256137700 -0.1067833069326500  0.6704149675105157  0.1629285971995232  4.9661070114869998
  0.3482534143638600 -0.1170432104180600  0.6662768345206720  0.1950971442633860  5.0220867221134000
  0.3227739690826900 -0.1125423143642300  0.6999010498607151  0.2414786889126698  5.0246564522302002
  0.0864160378585620 -0.0296206221864050  2.0596911086741359  0.9017205403211618  5.0707899844873996
  0.2219437091474000 -0.0655218450460500  1.3314655849770904  0.2985086056618745  5.0859606648033999
  0.0970746843002380 -0.0713149214082620  1.1021500108059201  0.7843912264702331  5.0889239196593996
  0.2670965974377600 -0.1496410773511800  0.4840033700004871  0.2564953041238369  5.1123660853180004
  0.2408575123797100 -0.1649975893220900  0.2326609054390339  0.3442196655537283  5.1243744325235996
  0.1290620186378700 -0.1326932260289500  0.4916931744567118  0.6172773186202078  5.1601294999266001
  0.2026744585398000 -0.0875379219060930  1.0394491743400323  0.3691167119012760  5.1715817288599997
  0.0328039178934310 -0.2608020301446100  1.2369827716720050 -0.0134376503919534  5.2251584679179999
  0.0281650112661590 -0.2691990955372800  1.2148814030736541 -0.0447538608888295  5.2281060219519997
  0.0243799959690150 -0.1296671153222000  2.0583272205435725 -0.0944047688417202  5.3558294261248003
  0.0454176987003260 -0.3055200701541800  1.0142187708509873  0.0570078991509567  5.3842512445250001
  0.0298830171574330 -0.1992325855615500  1.5433702794786779  0.0448349883740178  5.4261191933976001
  0.0238994591986430 -0.2158196930067500  1.4839134335175346 -0.0239045310985252  5.4409184721174002
  0.1250973479807600 -0.1661128770568200  0.5265788784389142  0.5324266454064975  5.6140762514217997
  0.5082552437205500 -0.1170974140045800  0.5370717033406351  0.1536363029588650  5.6186597631368000
  0.5243441481926600 -0.1052301683100000  0.6649429348351731  0.1466803040155764  5.6240613105757999
  0.1662278767561400 -0.1679064946649600  0.1554789870711843  0.4951117906894720  5.6940741343027996
  0.4038737365951800 -0.1116446260341400  0.6693654722883295  0.1757722712180878  5.7165255376045998
  0.3908859017889600 -0.1100273874288900  0.6827526785462605  0.1954876589420058  5.7168688254272002
  0.2109444544151300 -0.1081218053417700  0.8372182757938851  0.3554119630037818  5.7727151439091999
  0.0869692731587690 -0.0387791654821740  1.7121923035903035  0.8932439559700044  5.8024505751696003
  0.0988364863685620 -0.0688322239304630  1.1287167740635211  0.7826213577531103  5.8123138993732004
  0.2801234726054700 -0.0496800650104760  1.5531048914880676  0.2796326528138746  5.9150055568953999
  0.1252770714485300 -0.1184156081173300  0.6033469215123645  0.6416902996293247  5.9185819864246003
  0.2276069974546500 -0.0755024858174060  1.1965943265681114  0.2863692904151026  5.9217407240434001
  0.1846341362866700 -0.1119303364400900  0.8246526569111893  0.4036107025675964  5.9444925645730002
  0.1935486688492200 -0.0548409382243360  1.4845521753051636  0.3992728867234093  5.9525285680466000
  0.1895863096731700 -0.0483492189458640  1.6035271400677562  0.4257440561511296  5.9553162707634000
  0.0633131150722500 -0.2958995102153800  0.9739656429560488  0.0595974157899332  6.0505913186939999
  0.0366309288513090 -0.1495169530191100  1.7811323009084048  0.1080694285374698  6.0541988337524000
  0.0218651522328960 -0.1232603576276400  2.1394043954310180 -0.1287165654827743  6.0740042572004000
  0.0181275790118330 -0.0963925838456810  2.4735242344357147 -0.2116184221240242  6.1007945168475999
  0.0252035233504120 -0.1919866558526400  1.6113435007594079  0.0295245645891044  6.1450338920433998
  0.0212142432810090 -0.2052076258803100  1.5526576586315322 -0.0382024588409559  6.1579505886746002
  0.0250070717381520 -0.2633326036603700  1.2351764397956257 -0.1183573357278066  6.1692015190760001
  0.5580890520320800 -0.1146878786953000  0.5399108845548476  0.1402010682856120  6.2702863452360003
  0.5725319440632400 -0.1040676379267900  0.6595384850698275  0.1341149539005648  6.2740406862256002
  0.2408787594086700 -0.1524504016576100  0.4113501621859925  0.3300112025182571  6.4194320274186003
  0.2416448521940200 -0.1647874225462800  0.2304465484470858  0.3440181057711734  6.4208133746194003
  0.1149454085553900 -0.1120608695076900  0.7486151003798062  0.6494867850715395  6.4470030529822004
  0.1429229932190500 -0.1123794373008200  0.7762964754876144  0.5429767727553839  6.4487720170014002
  0.1318811622989000 -0.1281975697773200  0.5604296687871967  0.6024851757937438  6.4532211194717997
  0.1429048608880600 -0.1539364680117500  0.5569979298463285  0.4953115214497346  6.4772120501831996
  0.0880371700894060 -0.0438703111272010  1.5668069001212046  0.8820923982043752  6.5148679843183999
  0.0984591320730670 -0.0655576381357810  1.1665627761411166  0.7926340748854722  6.5211146605322003
  0.0612985176093050 -0.2477264693977800  1.1479097845945412  0.0728615172196216  6.5297358837623998
  0.3468548245682000 -0.0353667158884770  1.9217856466288348  0.2306345507372887  6.6188423062748001
  0.1329943523994300 -0.1129424562298200  0.6275762002335428  0.6296999536611727  6.6483455984865998
  0.1534832707461000 -0.1380307972767400  0.3486052213807497  0.5694496350432678  6.6606648720310000
  0.2051120198026200 -0.0945424998313670  0.9899213523374130  0.3434066506255906  6.6728605455601997
  0.2741573884668000 -0.0330928848030560  2.0241962168588370  0.2880208908201233  6.6800142295759999
  0.1913058678854000 -0.1029607982292300  0.9074188268345998  0.3823975826400598  6.6809789587767998
  0.2612533881574500 -0.0357432158978120  1.9270793213632433  0.3156854921203499  6.6861606065562000
  0.0200577135340290 -0.1184582961157900  2.2025057333205833 -0.1565762430245405  6.7771297879364001
  0.0162166952722640 -0.0882980612815100  2.6097714330685449 -0.2513329527198371  6.8024742307363999
  0.0268904406743950 -0.3495548302688100  0.8850704663582232 -0.1313880498365033  6.8220018078021996
  0.0327020283619210 -0.2127969134870700  1.4541600731204971 -0.0676065274445984  6.8409687967597996
  0.0222465392168010 -0.1862793513355600  1.6621927800579750  0.0180168497257410  6.8489639783746004
  0.0241218308593320 -0.2352587112125600  1.3692203340718858 -0.1185948929937112  6.8530011417837997
  0.0146620394298450 -0.3389985228258300  0.9521280694532684 -0.1085125116419998  6.8533579976674002
  0.0193022148320520 -0.1974637756641200  1.6051105796335190 -0.0495764591539136  6.8604241388352003
  0.6054401516851600 -0.1126729317936900  0.5434835871173295  0.1293206780080451  6.9150387922218002
  0.6183445425202900 -0.1031809768236300  0.6541800141288180  0.1240446382099688  6.9176518295314002
  0.2771743926465400 -0.0153515278172250  3.1434109448709147  0.3040039897526284  7.1949398851183997
  0.0889939196634980 -0.0461357548952260  1.5089880686919313  0.8748454197229488  7.2136497532573998
  0.0972526784059770 -0.0624382806978250  1.2057184490491404  0.8062154712121435  7.2177256661587998
  0.2123897853381300 -0.0894971987565560  1.0136986885790500  0.3515650428585766  7.2180041127164003
  0.1614672679322600 -0.1330184875997800  0.4695610267152096  0.5352913440475742  7.2197978721976002
  0.2204154549683500 -0.1319518931079000  0.5731700078844936  0.3756180420343063  7.2211986786034004
  0.2370986334830100 -0.1508574778653500  0.4406758039107307  0.3303849981153388  7.2225604679871998
  0.2259591857423400 -0.1416523970583600  0.4993826233170964  0.3604970692325845  7.2228635920846003
  0.1420465138001100 -0.1298350098849500  0.5450549321830791  0.5724538391940073  7.2269747006597997
  0.1569751289903500 -0.1315710642376300  0.5239741173018930  0.5340512917825216  7.2275007993099996
  0.0317087255682600 -0.3004862438815800  1.0081428033586974 -0.2261791647417201  7.2836347085202000
  0.2192016635785900 -0.1472282841429000  0.4729943879377667  0.3640486206249102  7.2879233295176000
  0.0241276051891410 -0.2008799685480300  1.5122900953394587 -0.2344404457661961  7.2909226295111997
  0.1390417111268800 -0.1360177981819200  0.6191753255205122  0.5358634547659747  7.2955639597216004
  0.1688463316355800 -0.1311962127019700  0.6814614564628155  0.4397165472247929  7.2967135531518004
  0.4067252226318600 -0.0279407379096300  2.2119180114304204  0.1988725234028607  7.3008050726156002
  0.1367756033346100 -0.1263856701123100  0.5791394965914174  0.5876640407928817  7.3046470519455999
  0.0396195957758050 -0.2045872730067400  1.4556701361128273  0.0665134637335964  7.3449515116894002
  0.0488954749474340 -0.2637309050645600  1.1534317235022524  0.0596395759061528  7.3506740213211996
  0.1388970629201300 -0.1123703504139900  0.6082287254705212  0.6212812763822895  7.3578236340020000
  0.1497978919481200 -0.1292010943880700  0.4170464897424828  0.5892871438941266  7.3610359472472000
  0.0305881030269310 -0.2317212838309300  1.3702371109104770 -0.0744172452789140  7.3649526924178002
  0.3373391138581100 -0.0247188722326770  2.3924974258098097  0.2428968002515067  7.3835891323162004
  0.0560490408371500 -0.2477272150736200  1.1777133250424821  0.0643602609500585  7.3862561329516003
  0.3277942366796600 -0.0262978168056270  2.3054043692349770  0.2584970574664237  7.3873992034720004
  0.2020883583680000 -0.0967991392847380  0.9722779724598301  0.3475289187793459  7.3949527344193999
  0.1882422667701800 -0.0869178326484050  1.0506487040497610  0.4001791983574935  7.3972569975348001
  0.0187053861522510 -0.1146450905248100  2.2539710264678781 -0.1791753221144668  7.4686287280818000
  0.0148046582618700 -0.0820062445950260  2.7273451554417849 -0.2842220431664076  7.4930149424819996
  0.0201837414944350 -0.1817451943977900  1.7020217859305282  0.0088356240813226  7.5411792355943996
  0.0178547040614640 -0.1915302302913900  1.6467817027091542 -0.0589151445450128  7.5515137837098001
  0.6507369031067800 -0.1109405448063200  0.5475746511108947  0.1202931072495532  7.5542393035578002
  0.6621878888807600 -0.1024997340991800  0.6488171488603248  0.1157567036605962  7.5560379998044001
  0.0338477352720360 -0.2353933184169300  1.3432957218682766 -0.0369211121984154  7.5836483991444004
  0.0126926982296170 -0.2795763766854000  1.1737081749245768 -0.1646158832284857  7.5848473207982003
  0.0147181164629070 -0.3138223401151400  1.0309016414890821 -0.1548680379122558  7.5992004059575997
  0.1453912515581700 -0.1446279355417100  0.5938331150001368  0.5001708301479910  7.7752347952241996
  0.3399462036305700 -0.0218675228145210  2.5659335490653552  0.2524452483327274  7.8888667000504000
  0.2531725302857300 -0.1553946800546700  0.4343699087681305  0.2850712522466496  7.8922175092011999
  0.0895629070400950 -0.0470640197682500  1.4848998812812235  0.8718418211284670  7.9017366027679996
  0.0958698722255390 -0.0596967678213740  1.2430127549342456  0.8198353975611371  7.9043408073992003
  0.2937736952747700 -0.1286617789619000  0.5422546109764316  0.2885896433591454  7.9365496507947997
  0.2408986226296600 -0.0882389186445050  1.0364441131535669  0.2770480351835616  7.9382021576768000
  0.2123506950608400 -0.0953929135505550  0.9443854802979726  0.3606679486365243  7.9482770529876001
  0.2151639819623400 -0.1315910148912100  0.5784429804166160  0.3846831538735838  7.9520468756728002
  0.3004949922975300 -0.0669922001122780  1.2434958750470662  0.2443063735955072  7.9615588197182001
  0.4617680083018800 -0.0233991427076840  2.4516750177090496  0.1762868704795552  7.9683456225270000
  0.3459580232612100 -0.1369788767989600  0.4240126040411413  0.2406673162817610  7.9698932572257997
  0.3086873779554700 -0.1426449261515500  0.4023205966784379  0.2695943594591731  7.9897566819415999
  0.2226229736733600 -0.1464839622214700  0.4855096915521716  0.3545346712650724  8.0107267819736006
  0.2599157447663700 -0.1678077308960600  0.3383927812670233  0.2674146149126740  8.0329642848115999
  0.2544024670116700 -0.1629966525206700  0.3690771453392731  0.2831608378014291  8.0333218696217994
  0.2076402969278000 -0.0652290466063210  1.3333466706928216  0.3374871010521178  8.0437549452901997
  0.1324001217665400 -0.1370731310687600  0.6061261822834721  0.5583015689845492  8.0437603043829995
  0.1823243238768500 -0.1252397644694100  0.7363949857327550  0.3985752124073578  8.0453689182151997
  0.0204950205913220 -0.1852027046370500  1.6282852398836216 -0.2344605427654224  8.0473909642535997
  0.2711714049859300 -0.0425874892745500  1.7199191528306188  0.3020815332819800  8.0498608347098006
  0.1274277960187000 -0.1188996092147500  0.7338858604696102  0.5854845481294007  8.0520464491790005
  0.1640015904419800 -0.1228353530705000  0.7102538885108052  0.4715283275148223  8.0529595735306003
  0.1017838540431500 -0.2498989974898700  0.9038482631101303  0.1148592228084115  8.0606678461127999
  0.1296819842163700 -0.1182816769875300  0.6074149969545612  0.6270587769452052  8.0624108504609993
  0.3956654213673700 -0.0203317772480620  2.6692817972641607  0.2112208280931404  8.0653737119657993
  0.1990925296896200 -0.0341400635747090  2.0069915156233087  0.3950492116253974  8.0671111401812006
  0.2371809218624700 -0.1164555259387900  0.7168078452991987  0.3376276445932936  8.0676060762502004
  0.3879173818619400 -0.0213993607604450  2.5910309743708702  0.2218978538292466  8.0680816236799995
  0.0381070231371450 -0.1804891085626800  1.5937519921492791  0.0354183455235071  8.0697783963333993
  0.1998357382340600 -0.0648127533074890  1.3206827462985653  0.3798638956672031  8.0754272279781993
  0.2001411275705000 -0.0458569845236640  1.6736356660041110  0.3832036990431431  8.0757178431334005
  0.1904763386215300 -0.0864832957206390  1.0260141178428612  0.4195151690070857  8.0797135545440000
  0.1562355014321700 -0.1150788519780700  0.7557634729131871  0.5028029972281894  8.0808346234056003
  0.0324511856234930 -0.1715391107265300  1.6843877832987701  0.0693320299214183  8.0920391976845991
  0.0362303880620840 -0.2361433918874800  1.3273000243525479  0.0535115222399153  8.1023602666924006
  0.0243412870998690 -0.2273957913938100  1.4129889959674702 -0.0961702279705110  8.1238737252360007
  0.1655424772693800 -0.1460751932979400  0.3663445098547280  0.5146492087529008  8.1246055298167992
  0.0269994738861780 -0.2137707995901200  1.4550360630827157 -0.1620728141435640  8.1409095882203992
  0.0176587938870670 -0.1115054767893000  2.2973227741478772 -0.1977273461440007  8.1508056225268000
  0.0137368809217870 -0.0769785215351890  2.8301053995250811 -0.3113142751380527  8.1745221906093999
  0.6943002133252399 -0.1094146568724200  0.5520957193592877  0.1126548336390865  8.1888393245447997
  0.7043552204892900 -0.1019798735116200  0.6433746428283121  0.1087950150283004  8.1900462500182005
  0.0474743865350970 -0.2607423968412300  1.1729585912399663  0.0491585176001298  8.1977701685768007
  0.0705481132902150 -0.2908933346992700  0.9554348920045903  0.0665494604269502  8.2003332279304004
  0.0320952591845670 -0.2330368770841500  1.3606047405817898 -0.0514123395875003  8.2202622434176007
  0.0186485430374800 -0.1780617107886600  1.7343205440186105  0.0012353773865723  8.2239609146791999
  0.0167130131519520 -0.1868156692588700  1.6808861870864300 -0.0667634260281570  8.2334092239269996
  0.0203881994447230 -0.1889999825071800  1.6528042515931511  0.0448953619501965  8.2346795683249994
  0.2347635301710000 -0.0762926980509280  1.1804847251592148  0.2781477171733724  8.5639333187904008
  0.2411359334972100 -0.1343762202345700  0.5731390651305772  0.3255125937310138  8.5643258456120002
  0.4003720176710900 -0.0212408293936630  2.6000316536418442  0.2170341446973558  8.5654571565960005
  0.0898208984479470 -0.0474121091581200  1.4742118641326223  0.8715130788137785  8.5811056766739995
  0.0945302803924710 -0.0573010119920830  1.2781809325486861  0.8324879088481190  8.5826789215927999
  0.1402403351746300 -0.1248187973633400  0.6026921348844805  0.5747946349005986  8.5914010763699995
  0.3223478936936100 -0.1455113819852800  0.4040008671153413  0.2337242950805182  8.6175217105173996
  0.2585577621586200 -0.1552015255618700  0.4472671494380335  0.2686936408125725  8.6223319331942001
  0.5131835331062600 -0.0203327629804200  2.6559117018740008  0.1592412290543178  8.6254772836508007
  0.3582268051217300 -0.1258500898373200  0.5164794389444984  0.2406277527421899  8.6260861524476002
  0.4022856277712800 -0.1319152739965500  0.4260842955988215  0.2089799596148377  8.6489065688758000
  0.0641030963760990 -0.2220002057159000  1.2240314435183834  0.0862001967629664  8.6519439730532000
  0.2357362550690500 -0.0910442410003910  1.0034800383103246  0.2935966107836104  8.6525782427252000
  0.2159464331566900 -0.0989867902446190  0.9053888016952805  0.3564889581517477  8.6614198884989992
  0.2156410922780900 -0.1316264327873100  0.5836578375015614  0.3809556422825607  8.6655356604064000
  0.2920615901130700 -0.1254606750426400  0.5760076385185189  0.2885855988315708  8.6695775442546008
  0.3723866872156600 -0.1405319980496900  0.3460560104733175  0.2297098080464556  8.6764412940776001
  0.0516503340661250 -0.2518459451772800  1.1861979701741647  0.0556221473047205  8.6807611614806000
  0.2965084085833700 -0.0719180935141740  1.1709415861071260  0.2538850322923893  8.6884050702942002
  0.3516029038118000 -0.1380287437525900  0.4132780503974747  0.2333542557291194  8.7101962016163998
  0.2258443033199500 -0.1453744449789600  0.5005566452045488  0.3454336510185492  8.7186962394850003
  0.4496978992874200 -0.0176250406583540  2.8885998453907140  0.1882822664358562  8.7327568812450007
  0.4431692685531700 -0.0183950885551190  2.8189125305531184  0.1962246394441058  8.7347800717972000
  0.2930349218224100 -0.1442160591430900  0.4227350536146215  0.2740516137462365  8.7366277657007991
  0.1300873611671800 -0.1372020888793900  0.6017354061252359  0.5669302592689256  8.7682872762296000
  0.1902613630973600 -0.1190579741256500  0.7877938685079081  0.3753374548844111  8.7705608910942008
  0.1505870358966600 -0.1101757169906100  0.8102791177322276  0.5131174700600977  8.7766748907798000
  0.1262376798795400 -0.1154054489689700  0.5945401610750386  0.6518191996149074  8.7930880314552002
  0.1283573442706500 -0.1302611993753600  0.5233069170610802  0.6179579323172182  8.8005434909794005
  0.1985509076377400 -0.0440592231325870  1.7130083758112149  0.3935143574043009  8.8025534575858000
  0.1314178123431200 -0.1124439776483700  0.7595211770523620  0.5863625083595381  8.8034277768439999
  0.2383066704040500 -0.1046113515874800  0.8205779889326215  0.3379004437775095  8.8115731597148006
  0.1522873393591700 -0.1157186935444500  0.7438609102175041  0.5168830438315702  8.8154477646773994
  0.0281008815014890 -0.1559933795170500  1.8206427440815065  0.0669651503659741  8.8156185966074005
  0.2391590495588400 -0.1491452403326100  0.3866639919332608  0.3548257256053851  8.8163617258410003
  0.1979032503319700 -0.0838233178968160  1.0438044125925625  0.4125682720005631  8.8168864031406002
  0.7363802447450000 -0.1080390695645100  0.5570507393586323  0.1060856668754452  8.8195484404796005
  0.7450644848132399 -0.1015946379125000  0.6377472682508593  0.1028532669463772  8.8203219608812002
  0.0274887105655890 -0.2098328290334900  1.4982373042956487  0.0466767860061371  8.8240427358136007
  0.0168246874774280 -0.1088599207449200  2.3346394542379207 -0.2132273438321290  8.8252992232304006
  0.1335813783053900 -0.1138103206243700  0.6653376144009302  0.6115659265233319  8.8386316373730001
  0.0129127788032590 -0.0728761776787450  2.9207467655570389 -0.3335960306053198  8.8485303603806003
  0.2185261212716800 -0.1443041538746600  0.4594138993249491  0.3816829087657855  8.8501716227554006
  0.1560870470002600 -0.1351017389820500  0.4394949359786383  0.5502705806709891  8.8515416498982002
  0.0203268288775590 -0.2170991308700800  1.4764810095359180 -0.1212212630226122  8.8581777507507997
  0.0228753735522650 -0.2029220850983200  1.5344215153376242 -0.1623381279731533  8.8976557101163998
  0.0174532560684300 -0.1750057257472400  1.7611997441375047 -0.0052165128938504  8.8989621392241993
  0.0157850821119010 -0.1829645535231200  1.7094394892543123 -0.0734798332698622  8.9076968069337994
  0.0311802766995810 -0.2047481662429500  1.5065968324600971  0.0438612208753718  8.9464237323554006
  0.0275721010532770 -0.0789008811045420  2.5161306974078301  0.1944311049301378  8.9466472336153995
  0.0168064361004010 -0.1757602351348700  1.7079529486359595 -0.2430043774779564  8.9513142403147992
  0.0459537134716220 -0.3055887718661400  1.0144734482121847  0.0401065318120393  8.9544921818853993
  0.0308442349563540 -0.2386477081263700  1.3385518322913386 -0.0612151735406920  8.9675448524619998
  0.0623465498454780 -0.2797230083733800  1.0312372844682796  0.0672959599030802  8.9721443455902001
  0.0319650547781850 -0.2590422267378100  1.2473655838773210  0.0181647447572157  8.9804406598726008
  0.0307060656201600 -0.2692561868330800  1.2088396422707242  0.0107345110221807  8.9805634187510002
  0.0333857274887480 -0.2558842999065200  1.2558597179333824 -0.0094604483768296  8.9816827986978005
  0.1254768993400600 -0.1880700036075800  0.4767516459324047  0.4977270493735118  8.9897071901713996
  0.0139763821913920 -0.1895893693930100  1.6757506313615709  0.0381285395071569  9.0408134426432003
  0.0898850551007090 -0.0475454087066330  1.4682937069494613  0.8725959875371617  9.2532053303698003
  0.0932898795866990 -0.0551640982731380  1.3119268134920377  0.8440441483008931  9.2540578101005995
  0.5617444856590700 -0.0181216879581210  2.8335232196252140  0.1458301189311300  9.2746580742188005
  0.3087303435683200 -0.1362329043487700  0.4703206873655355  0.2672857963563840  9.2811404624554008
  0.4163418344360100 -0.1236379335861800  0.4976513779578230  0.2093790258393250  9.2987910461100007
  0.3826523258202600 -0.1399029697549200  0.3809926207906847  0.2021740336237179  9.3115613681836003
  0.4545355755281200 -0.1280770771809900  0.4287890618055550  0.1863659766307894  9.3150336443331998
  0.1787012625709500 -0.1676963687875300  0.5174112070820459  0.3710239518114634  9.3181806192650001
  0.2759812417864800 -0.0497878445847230  1.5510807647376117  0.2860311917768268  9.3308783935306003
  0.2584821208477100 -0.1577302417231700  0.4280267256284627  0.2682771781182350  9.3356466280378001
  0.1798668813210800 -0.1541875377200100  0.5840288836507269  0.3776157176872653  9.3432823196655992
  0.1742861417647500 -0.1300728683411700  0.7042319379438832  0.4174205615356841  9.3441366933043994
  0.4332183349512900 -0.1380228336801100  0.3132117566412126  0.1995965042460899  9.3461843675117997
  0.3244631268666000 -0.1458865133031100  0.4032228139212765  0.2288951741720788  9.3496312783289994
  0.4268693809741000 -0.0554493824003520  1.3912935999121399  0.1733446713642988  9.3502881557725992
  0.1493621180841200 -0.1175382809443600  0.6797949526185011  0.5461921251700298  9.3532318727469992
  0.2333421272381900 -0.0939332480554040  0.9708982283166533  0.3030685165154983  9.3539846643705999
  0.1971234064658400 -0.0941002297317960  0.9712480050915848  0.3834741800135495  9.3593775319545998
  0.2199013679010600 -0.1018935852993500  0.8758098164113457  0.3499344190074641  9.3611561412098006
  0.1215222296672900 -0.1381110309003800  0.4274559411054607  0.6413778257872250  9.3795182037158007
  0.2932222483538600 -0.1248629916635800  0.5850075144956147  0.2845488215642333  9.3850022180807997
  0.4076184819447100 -0.1331024432548700  0.4125262695230199  0.2032744536153914  9.3891693580142004
  0.5003611122464700 -0.0157820032181400  3.0687321816762059  0.1708156946696546  9.3897312221100009
  0.4947319016269200 -0.0163574298446810  3.0073553245472060  0.1770249505607230  9.3912759508790007
  0.3639387800603900 -0.0634045742657450  1.2686234793023201  0.2071978829480296  9.3928494675759993
  0.3112330758623200 -0.0765997342997490  1.1098540281426605  0.2277803948522780  9.3962318014970005
  0.2961203732191400 -0.0758498252202050  1.1172119174967778  0.2561815179053262  9.3997870676712001
  0.2541827749911400 -0.1536894790031000  0.4785913112100738  0.2660927681021623  9.4083782398615998
  0.2560343075576800 -0.1512544073547400  0.5007415706516645  0.2599611146594217  9.4083803407432001
  0.2286265371441700 -0.1440516144704100  0.5164229971025716  0.3374090545496983  9.4144442026383999
  0.0682803286525940 -0.2431126527692400  1.1233269838577145  0.0831709908605822  9.4229449479792002
  0.2063876551988000 -0.0824440817184290  1.1008055414323619  0.3545427937542466  9.4295469787799995
  0.3545034159180500 -0.1384320581192100  0.4092754127844631  0.2295392317317426  9.4339723675185994
  0.1227137138892600 -0.1093242307635100  0.7731750821304562  0.6225456186873790  9.4367831026697999
  0.1577293971879000 -0.1256075490046900  0.6990488345834672  0.4830246266593547  9.4368251718909999
  0.1537692801150700 -0.1291111196814400  0.6693012186743031  0.4948400839220043  9.4372007121833992
  0.1707195075652500 -0.1255593591710100  0.7151118231271298  0.4397921176806102  9.4394346615766000
  0.1627886670044500 -0.1224179669151000  0.7343589009992308  0.4641488353027305  9.4424615555206000
  0.1303648146609100 -0.1307196789333800  0.5245354960087359  0.6100703630516677  9.4432610471373994
  0.1382835614447400 -0.1254021232731200  0.5943145827277924  0.5814088574159648  9.4451372343386009
  0.7771811142676700 -0.1067674106628200  0.5625357594441149  0.1003551708975089  9.4469144403293992
  0.7844781397565300 -0.1013315295080000  0.6317679991994134  0.0977190723238149  9.4473722394145998
  0.1312157050424900 -0.1363611797576500  0.6039537607458141  0.5650234807049394  9.4759136538497994
  0.1620904349640200 -0.1134419862397200  0.8008079967819839  0.4701109502986191  9.4813439357891998
  0.0360242853529450 -0.2052392064807700  1.4780876327604282 -0.0219456838904682  9.4901822239318001
  0.0368320974285730 -0.2279154654440800  1.3650311056591671  0.0011082678691010  9.4905661187265995
  0.0161432739078700 -0.1065943938762200  2.3672498193144484 -0.2264082686497765  9.4933261315511999
  0.0392336347409780 -0.2354438339852300  1.3191410110802955  0.0120996993669049  9.4939574507934008
  0.3329382395847700 -0.0415409646977350  1.7261236044006141  0.2578646151101486  9.5083324369881996
  0.0122647461343120 -0.0694712550349920  3.0012994981634091 -0.3519424220605347  9.5161943125521997
  0.1945356505674100 -0.0698553524742820  1.2350843686133961  0.4060682595885147  9.5207296337674006
  0.0252160032000240 -0.1464663621146400  1.9156710813507094  0.0638752280299638  9.5227641081651999
  0.1462709050657800 -0.1145926568357700  0.7473607828696831  0.5372257298822973  9.5270583075025996
  0.1497059780699100 -0.1164017337484900  0.7332628339774754  0.5263277370734849  9.5309928538418003
  0.2366145073960300 -0.1053080543132000  0.8080032835842369  0.3458301909305950  9.5327495678334007
  0.2091182683293800 -0.0820061116179900  1.0581039840055497  0.3943279279316119  9.5353811409733993
  0.2379116889227900 -0.1473709297144800  0.4058499599589653  0.3563594944366548  9.5379482908414008
  0.2661361601587800 -0.0563090759390000  1.4104788313589141  0.3179776857768903  9.5430224573378002
  0.2889382570617700 -0.1394406423223200  0.4375287312039722  0.2961741906165943  9.5637132109418008
  0.0406017688915950 -0.1939370543703200  1.5022778685204221  0.0672242191353458  9.5664430094923993
  0.0164913137953410 -0.1724238024683300  1.7840234542091051 -0.0107956479491702  9.5674140229847993
  0.2108634182645300 -0.1429261720827300  0.4657723247212435  0.3987966907284605  9.5696871767288005
  0.1250308871317800 -0.1133487717476200  0.6210572305860739  0.6547338291303180  9.5702373411986006
  0.1434344712585200 -0.1292891290288600  0.4470749313381325  0.5980499275928043  9.5734742089596008
  0.1422849790475300 -0.1268498384216000  0.4744241039185535  0.6016406606297333  9.5739752413612003
  0.0170221064914290 -0.2104936798130900  1.5178367527607666 -0.1481415258863376  9.5740596522401997
  0.0150132885088320 -0.1797491737441600  1.7337812347716883 -0.0793123402459431  9.5755626861650001
  0.1328582686328300 -0.1164649409634100  0.6366036725891020  0.6140767829350611  9.5767184197652000
  0.0201674042022890 -0.1914671512196000  1.6139239126673759 -0.1691081312678581  9.6323743863850009
  0.0212344185736170 -0.1872670561234400  1.6194855823985503 -0.2141443836222103  9.6426366319376005
  0.0263758857535260 -0.1970039969670800  1.5754504919677264  0.0372212257315074  9.6706225883306001
  0.0310988230597050 -0.2537926657311900  1.2724319776278434 -0.0322725739212947  9.7064426212825996
  0.0552281017647290 -0.2729572949838300  1.0892105804396175  0.0634327487052223  9.7102815008819992
  0.0326975104091510 -0.2588401343764500  1.2458059584584120 -0.0101673072591315  9.7154507284147993
  0.0240822199884720 -0.2362011001408800  1.3730616077598927 -0.0802839113255329  9.7244235232322005
  0.0302942520642520 -0.2465262614404000  1.3088684975465410  0.0089307101447112  9.7270292094950008
  0.0244233594741030 -0.2525525241867800  1.3002626789464224 -0.0384042750481977  9.7394208112035994
  0.6079811334663900 -0.0164507822744720  2.9903328147261186  0.1349489794365812  9.9175208252519997
  0.0898508132363820 -0.0476678024567120  1.4625377887412101  0.8742331329544328  9.9191361902497999
  0.0921430828732280 -0.0531789645356180  1.3456619509432399  0.8547021260030983  9.9195026943128006
  0.4859200846471900 -0.1334882127058000  0.3312251842947694  0.1772538118789362  9.9413296242690006
  0.4700163502665900 -0.1218617818378700  0.4836015970944856  0.1869404007624187  9.9596446761578008
  0.3709350055427300 -0.1351025637891000  0.4148130470265286  0.2282400244596810  9.9694208850070005
  0.5036414136449300 -0.1251152176313400  0.4311579928877117  0.1692476190016282  9.9714810615454006
  0.4377977893256100 -0.1360176582391100  0.3649377318601689  0.1798539063721034  9.9871108399355997
